1 52 52 52 0.076800 0.021396 0.038585 0.013524 0.003280
2 52 52 52 0.058206 0.012218 0.030201 0.007837 0.007924
3 52 52 52 0.050779 0.008878 0.027410 0.005544 0.008925
4 52 52 52 0.048862 0.007047 0.027052 0.004592 0.010149
5 52 52 52 0.047016 0.005998 0.026738 0.004227 0.010026
6 52 52 52 0.048865 0.005934 0.027148 0.004129 0.011617
7 52 52 52 0.047929 0.005156 0.027783 0.003640 0.011320
8 52 52 52 0.046487 0.005047 0.026833 0.003391 0.011196
9 52 52 52 0.052266 0.006192 0.029808 0.004310 0.011937
10 52 52 52 0.048138 0.004211 0.027433 0.002862 0.013612
11 52 52 52 0.053614 0.006407 0.030367 0.004332 0.012482
12 52 52 52 0.048610 0.004614 0.028109 0.003124 0.012743
13 52 52 52 0.048042 0.003956 0.027670 0.003101 0.013287
14 52 52 52 0.060674 0.007515 0.033592 0.005104 0.014442
15 52 52 52 0.057344 0.006102 0.032377 0.004169 0.014668
16 52 52 52 0.056045 0.004492 0.032611 0.003341 0.015536
17 52 52 52 0.055411 0.004122 0.031939 0.003210 0.016064
18 52 52 52 0.076447 0.011342 0.041381 0.007733 0.015940
19 52 52 52 0.075329 0.010054 0.041183 0.007133 0.016886
20 52 52 52 0.072688 0.009304 0.040250 0.006373 0.016711
21 52 52 52 0.071487 0.008640 0.039414 0.006030 0.017349
22 52 52 52 0.068492 0.007424 0.038158 0.005146 0.017700
23 52 52 52 0.065823 0.006490 0.037070 0.004419 0.017756
24 52 52 52 0.063267 0.005304 0.036203 0.003472 0.018214
25 52 52 52 0.062544 0.005145 0.035200 0.003377 0.018732
26 52 52 52 0.065732 0.005313 0.037966 0.003422 0.018938
