1 302 302 302 14.808894 3.012371 8.558419 2.949969 0.288115
2 302 302 302 10.104320 2.142015 5.795811 1.530810 0.635650
3 302 302 302 8.404237 1.509352 5.145737 1.067699 0.681402
4 302 302 302 7.225546 1.139328 4.512719 0.794649 0.778800
5 302 302 302 6.553905 0.964188 4.213089 0.657516 0.719069
6 302 302 302 6.201244 0.819320 4.081405 0.550943 0.749553
7 302 302 302 5.990085 0.730935 4.037780 0.456509 0.764819
8 302 302 302 5.767291 0.694233 3.920024 0.432623 0.720381
9 302 302 302 5.580712 0.632921 3.845722 0.400684 0.701367
10 302 302 302 5.458244 0.575862 3.762746 0.347340 0.772255
11 302 302 302 5.597057 0.581405 3.923714 0.345408 0.746471
12 302 302 302 5.523058 0.527908 3.936855 0.319169 0.739098
13 302 302 302 5.573163 0.510095 3.993844 0.298927 0.770274
14 302 302 302 5.484218 0.507793 3.859413 0.307617 0.809365
15 302 302 302 5.216084 0.505396 3.700730 0.263817 0.746083
16 302 302 302 5.641973 0.579571 3.978181 0.333309 0.750880
17 302 302 302 5.629467 0.550312 3.954523 0.335411 0.789185
18 302 302 302 5.709193 0.544523 4.015871 0.333121 0.815645
19 302 302 302 5.773077 0.533206 4.021111 0.351180 0.867544
20 302 302 302 5.252391 0.478308 3.697715 0.212255 0.864061
21 302 302 302 5.487075 0.487871 3.851245 0.257870 0.890066
22 302 302 302 5.492176 0.543950 3.868186 0.324783 0.755214
23 302 302 302 5.393459 0.482792 3.873582 0.199253 0.837789
24 302 302 302 5.576915 0.519745 3.959445 0.317334 0.780327
25 302 302 302 5.277706 0.465745 3.797284 0.180520 0.834127
26 302 302 302 5.725231 0.517884 4.108220 0.300823 0.798254
27 302 302 302 5.367257 0.473896 3.880867 0.190901 0.821548
28 302 302 302 5.973244 0.588898 4.161070 0.418208 0.805034
29 302 302 302 5.719377 0.531160 4.086796 0.258933 0.842403
30 302 302 302 5.325821 0.468485 3.840401 0.169503 0.847400
31 302 302 302 6.052223 0.605740 4.229528 0.417386 0.799514
32 302 302 302 5.896947 0.525591 4.236397 0.291033 0.843888
